2.6764888e-02 -9.8696515e-01 -9.9366097e-01 -6.1643658e-01
6.8840209e-01 -9.7410327e-01 -9.2926643e-01 -3.4838203e-01
9.6605353e-01 -8.8547646e-01 -5.2493099e-01 -8.8119841e-02
9.9574335e-01 -3.6103615e-01 -5.0391625e-01 9.1553928e-02
-3.6698454e-01 -9.9012801e-01 -9.9845410e-01 -7.6372488e-01
2.2168885e-01 -9.8191602e-01 -9.9252149e-01 -5.4284541e-01
9.4912788e-01 -9.2397887e-01 -5.0383357e-01 -9.9407321e-02
1.8060284e-01 -9.8369327e-01 -9.9212278e-01 -5.5837042e-01
-1.6368157e-01 -9.8843373e-01 -9.9680130e-01 -6.8792318e-01
7.5328744e-01 -9.6530137e-01 -9.3432889e-01 -3.2344674e-01
